% Daniel data list

fileList = {'jf25609_1a','jf25609_2a','jf25609_3a','jf25609_4a','jf25609_5a','jf25609_6a','jf25607_1j','jf25607_2j','jf25607_3j','jf25607_4j','jf25607_5j','jf25607_6j',...
            'jf27332_1a','jf27332_2a','jf27332_3a','jf27332_4a','jf27332_5a','jf27332_7a'};
animalId   = [1 1 1 1 1 1 2 2 2 2 2 2 3 3 3 3 3 3];
sessionId  = [1 2 3 4 5 6 1 2 3 4 5 6 1 2 3 4 5 6];
animalName = {'jf25609','jf25609','jf25609','jf25609','jf25609','jf25609',...
              'jf25607','jf25607','jf25607','jf25607','jf25607','jf25607',...
              'jf27332','jf27332','jf27332','jf27332','jf27332','jf27332'};
        
pathDirData = 'C:\Users\gutniskyd\Documents\MATLAB\temp\DanielCaMotor\';
